0
0.19634954084936207740391521145497
0.39269908169872415480783042290994
0.5890486225480862322117456343649
0.7853981633974483096156608458199
0.9817477042468103870195760572748
1.1780972450961724644234912687298
1.3744467859455345418274064801848
1.5707963267948966192313216916398
1.7671458676442586966352369030947
1.9634954084936207740391521145497
2.1598449493429828514430673260047
2.3561944901923449288469825374596
2.5525440310417070062508977489146
2.7488935718910690836548129603696
2.9452431127404311610587281718245
3.1415926535897932384626433832795